1763209790098 0.6808333396911621 0 8ab448618bdb4619b373058d7d85cc88
1763209791547 0.9310833215713501 1 8ab448618bdb4619b373058d7d85cc88
1763209793012 0.956416666507721 2 8ab448618bdb4619b373058d7d85cc88
1763209794751 0.9672166705131531 3 8ab448618bdb4619b373058d7d85cc88
1763209796475 0.9736833572387695 4 8ab448618bdb4619b373058d7d85cc88
1763209797959 0.9778833389282227 5 8ab448618bdb4619b373058d7d85cc88
1763209799432 0.9807999730110168 6 8ab448618bdb4619b373058d7d85cc88
1763209800875 0.9827333092689514 7 8ab448618bdb4619b373058d7d85cc88
1763209802334 0.9848666787147522 8 8ab448618bdb4619b373058d7d85cc88
1763209803868 0.9859833121299744 9 8ab448618bdb4619b373058d7d85cc88
1763209790098 0.6808333396911621 0 8ab448618bdb4619b373058d7d85cc88
