1763209790098 1.0992624759674072 0 8ab448618bdb4619b373058d7d85cc88
1763209791547 0.23773036897182465 1 8ab448618bdb4619b373058d7d85cc88
1763209793012 0.15100489556789398 2 8ab448618bdb4619b373058d7d85cc88
1763209794751 0.11100644618272781 3 8ab448618bdb4619b373058d7d85cc88
1763209796475 0.08910948038101196 4 8ab448618bdb4619b373058d7d85cc88
1763209797959 0.07296893745660782 5 8ab448618bdb4619b373058d7d85cc88
1763209799432 0.06411445140838623 6 8ab448618bdb4619b373058d7d85cc88
1763209800875 0.05527914687991142 7 8ab448618bdb4619b373058d7d85cc88
1763209802334 0.04800049960613251 8 8ab448618bdb4619b373058d7d85cc88
1763209803868 0.04348964989185333 9 8ab448618bdb4619b373058d7d85cc88
1763209790098 1.0992624759674072 0 8ab448618bdb4619b373058d7d85cc88
